2 426 881 668 1062 0.927449
2 1933 930 2325 1161 0.923425
2 319 817 515 954 0.906476
7 2694 617 2885 854 0.887393
2 1148 559 1300 620 0.863727
2 643 657 793 770 0.863458
2 370 669 451 748 0.850637
2 2127 579 2292 634 0.846556
7 1314 496 1449 545 0.785653
2 2202 471 2241 507 0.782192
2 2421 484 2461 519 0.777153
2 2128 464 2171 495 0.704120
2 1628 454 1703 485 0.668192
2 2371 433 2399 455 0.453869
2 1845 526 1885 574 0.407418
7 828 528 918 574 0.380514
2 1752 446 1784 474 0.334319
2 2406 378 2431 398 0.332325
