2 1620 1019 2064 1245 0.933117
2 325 651 415 712 0.862443
2 1552 535 1683 586 0.855186
2 2092 521 2187 575 0.831033
2 2365 512 2419 554 0.810448
2 2195 505 2247 545 0.809801
7 1314 495 1449 543 0.806876
2 1944 519 2031 568 0.801844
2 313 569 382 605 0.768282
2 337 606 423 650 0.758141
2 2405 439 2431 461 0.714622
2 1628 453 1703 484 0.709038
2 2138 472 2179 495 0.547047
2 2209 432 2240 451 0.487031
2 2363 366 2395 385 0.387008
7 828 528 917 575 0.355512
2 2279 404 2308 428 0.325436
2 2375 401 2400 435 0.315059
